Лист1
№ пробы X Y Pn
1 73.3723 54.9816 157.400
2 73.3794 54.9746 292.100
3 73.3932 54.9829 245.300
4 73.389 54.9896 167.100
5 73.4008 54.9968 68.800
6 73.4049 54.9897 170.300
7 73.4206 54.9984 208.300
8 73.444 55.0199 322.900
9 73.4322 55.0154 177.800
10 73.4162 55.0054 156.300
11 73.3811 54.9947 132.100
12 73.3993 55.0059 86.800
13 73.4146 55.0146 138.400
14 73.4251 55.0197 102.900
15 73.4418 55.0282 106.300
16 73.4508 55.0355 267.300
17 73.4586 55.0291 358.500
18 73.4434 55.0091 469.800
19 73.2879 55.0025 52.300
20 73.2775 54.9929 45.700
21 73.2601 54.9871 45.700
22 73.2428 54.9895 51.000
23 73.2366 54.9962 30.600
24 73.2192 54.997 44.700
25 73.2065 54.9997 69.200
26 73.2537 54.9954 55.100
27 73.2448 55.011 50.800
28 73.2644 55.0221 66.500
29 73.2702 55.0341 49.800
30 73.2831 55.0332 46.700
31 73.2728 55.0198 49.800
32 73.2567 55.0098 46.700
33 73.2666 55.0016 51.000
34 73.2838 55.0108 46.700
35 73.3002 55.0205 106.800
36 73.3006 55.0116 53.000
37 73.3042 55.0003 65.800
38 73.3423 54.9433 137.200
39 73.3282 54.9369 135.800
40 73.3297 54.9262 92.600
41 73.3146 54.9277 61.700
42 73.3023 54.9233 98.800
43 73.3024 54.9111 92.600
44 73.2876 54.9024 47.900
45 73.3172 54.908 117.300
46 73.3214 54.9018 69.400
47 73.3094 54.895 81.900
48 73.3164 54.8752 41.700
49 73.3268 54.8959 27.800
50 73.3357 54.9101 30.900
51 73.3319 54.9178 82.300
52 73.3442 54.9256 80.200
53 73.3384 54.9317 150.500
54 73.3542 54.9414 41.200
55 73.3596 54.9552 107.100
56 73.3519 54.9594 99.100
57 73.3654 54.9667 205.800
58 73.3476 54.9667 167.800
59 73.3262 54.9666 151.500
60 73.3151 54.9615 62.200
61 73.3017 54.9551 131.200
62 73.2852 54.9517 51.400
63 73.2741 54.9412 48.400
64 73.261 54.94 40.500
65 73.2762 54.9578 115.700
66 73.2447 54.9521 70.000
67 73.2298 54.9506 60.200
68 73.2417 54.9579 64.800
69 73.2539 54.9616 58.500
70 73.2555 54.9567 69.800
71 73.2751 54.9662 35.000
72 73.2863 54.9716 63.900
73 73.3008 54.9814 35.200
74 73.3043 54.9715 390.400
75 73.2903 54.9668 59.000
76 73.2948 54.9608 72.100
77 73.3112 54.9645 75.100
78 73.3224 54.9759 55.800
79 73.3244 54.9838 60.100
80 73.3113 54.9867 130.600
81 73.3447 54.974 58.000
82 73.3354 54.9842 89.700
83 73.3586 54.9748 85.600
84 73.4614 54.9486 222.200
85 73.4734 54.9529 303.500
86 73.4847 54.9612 255.100
87 73.4755 54.9651 1004.600
88 73.4621 54.9596 403.400
89 73.4369 54.9366 189.800
90 73.4299 54.923 69.400
91 73.4461 54.9264 196.800
92 73.4486 54.9355 546.300
93 73.4476 54.9419 122.100
94 73.3657 55.0277 45.900
95 73.3467 55.0276 91.100
96 73.326 55.0255 448.000
97 73.3274 55.0363 65.200
98 73.3219 55.0489 35.300
99 73.2989 55.0421 77.100
100 73.2924 55.0281 42.000
101 73.3206 55.0417 35.700
102 73.3063 55.0347 51.000
103 73.3103 55.0269 53.000
104 73.3126 55.0188 73.400
105 73.3293 55.0174 52.600
106 73.3196 55.0123 32.000
107 73.3212 55.0041 69.600
108 73.3976 54.9741 336.400
109 73.3817 54.965 170.100
110 73.3945 54.9634 125.300
111 73.3807 54.9564 104.500
112 73.3708 54.9393 47.100
113 73.3637 54.9247 65.500
114 73.3672 54.9185 43.600
115 73.3581 54.9029 40.000
116 73.3714 54.9103 42.600
117 73.3743 54.9 37.900
118 73.3886 54.9097 127.300
119 73.3909 54.9192 72.700
120 73.4032 54.9275 47.300
121 73.4158 54.9343 122.500
122 73.4088 54.9427 82.600
123 73.4032 54.9474 178.200
124 73.3994 54.956 121.200
125 73.3858 54.9483 189.300
126 73.4193 54.9552 104.400
127 73.422 54.9493 146.800
128 73.4337 54.9545 254.500
129 73.4298 54.9635 202.000
130 73.4142 54.9638 48.500
131 73.4616 54.9816 587.300
132 73.4562 54.9867 294.900
133 73.4429 54.9783 189.900
134 73.4301 54.9834 123.700
135 73.4466 54.9916 77.900
136 73.455 55.008 236.400
137 73.4675 55.014 231.100
138 73.4571 54.9994 335.400
139 73.4727 55.0066 504.200
140 73.4279 54.9906 429.000
141 73.4398 54.9994 200.200
142 73.4109 54.9828 69.500
143 73.4095 55.021 151.800
144 73.4208 55.0269 105.200
145 73.4335 55.0394 134.900
146 73.4168 55.0335 74.400
147 73.4021 55.0273 82.900
148 73.4138 55.0424 110.700
149 73.4236 55.051 76.100
150 73.4499 55.0608 243.100
151 73.4376 55.062 183.700
152 73.4105 55.0519 204.100
153 73.3928 55.0434 100.400
154 73.3794 55.0343 83.100
155 73.3982 55.0358 62.000
156 73.3812 55.0145 143.800
157 73.3971 55.0129 139.800
158 73.3752 55.0002 177.000
159 73.3626 54.9967 82.600
160 73.3602 55.0051 82.800
161 73.3688 55.0176 101.800
162 73.3564 55.0133 123.900
163 73.3509 55.0181 92.900
164 73.3408 55.0127 68.500
165 73.3445 55.0058 90.400
166 73.3468 54.9972 142.600
167 73.3502 54.9899 78.700
168 73.3701 54.9892 94.400

Лист2
X Y Zp
73.3723 54.9816 1745.08018176052
73.3794 54.9746 3259.13978794858
73.3932 54.9829 3718.836014516
73.389 54.9896 2537.24858406421
73.4008 54.9968 719.434270902143
73.4049 54.9897 2155.86181029286
73.4206 54.9984 3107.03389435664
73.444 55.0199 6820.09126441911
73.4322 55.0154 2244.42759883916
73.4162 55.0054 1859.45645213246
73.3811 54.9947 1287.17138086087
73.3993 55.0059 998.404893342761
73.4146 55.0146 1945.13619629356
73.4251 55.0197 1324.84792073801
73.4418 55.0282 1229.88222479912
73.4508 55.0355 3146.2182629349
73.4586 55.0291 4494.08114177912
73.4434 55.0091 6578.66816720196
73.2879 55.0025 736.479383371925
73.2775 54.9929 672.316600570275
73.2601 54.9871 610.474769546494
73.2428 54.9895 935.020240175429
73.2366 54.9962 474.125658708882
73.2192 54.997 499.533449766631
73.2065 54.9997 1291.20027732711
73.2537 54.9954 670.0940120663
73.2448 55.011 635.197625097471
73.2644 55.0221 858.195202605464
73.2702 55.0341 961.012034297803
73.2831 55.0332 604.347367375591
73.2728 55.0198 662.110732475845
73.2567 55.0098 695.41163807111
73.2666 55.0016 652.298784474823
73.2838 55.0108 687.513629353665
73.3002 55.0205 1979.73984616912
73.3006 55.0116 754.679594460206
73.3042 55.0003 896.090335080748
73.3423 54.9433 1607.23492656881
73.3282 54.9369 1600.81685280967
73.3297 54.9262 1331.24974765857
73.3146 54.9277 744.50023914466
73.3023 54.9233 1006.83439601394
73.3024 54.9111 1423.20913776764
73.2876 54.9024 624.568759490132
73.3172 54.908 1646.02872291
73.3214 54.9018 1024.95026768669
73.3094 54.895 2310.68245548104
73.3164 54.8752 518.092242999751
73.3268 54.8959 362.458637546053
73.3357 54.9101 379.569344181896
73.3319 54.9178 995.146060951501
73.3442 54.9256 963.111105923432
73.3384 54.9317 2075.62842670169
73.3542 54.9414 438.404372217589
73.3596 54.9552 1161.51196536496
73.3519 54.9594 1199.61957611135
73.3654 54.9667 2692.49417403159
73.3476 54.9667 2007.42793900954
73.3262 54.9666 1820.10614288865
73.3151 54.9615 696.745331284209
73.3017 54.9551 1455.01416666998
73.2852 54.9517 636.63246147887
73.2741 54.9412 641.723209407202
73.261 54.94 518.605604873594
73.2762 54.9578 1268.58324976341
73.2447 54.9521 1066.14322085127
73.2298 54.9506 822.247874451363
73.2417 54.9579 1015.49019808268
73.2539 54.9616 890.91067230825
73.2555 54.9567 894.480600451515
73.2751 54.9662 439.773496617852
73.2863 54.9716 795.399268189606
73.3008 54.9814 416.353932094384
73.3043 54.9715 5086.89019730304
73.2903 54.9668 675.822761364751
73.2948 54.9608 894.237614330599
73.3112 54.9645 891.723226050121
73.3224 54.9759 716.657279506752
73.3244 54.9838 757.301758094026
73.3113 54.9867 1506.09600711082
73.3447 54.974 697.410051137289
73.3354 54.9842 1126.04274570245
73.3586 54.9748 1127.87626496393
73.4614 54.9486 2847.54368937469
73.4734 54.9529 3829.52192160668
73.4847 54.9612 3272.94291267604
73.4755 54.9651 12549.6499304349
73.4621 54.9596 5697.65175862099
73.4369 54.9366 2235.38050303854
73.4299 54.923 782.584913005223
73.4461 54.9264 2586.09141419227
73.4486 54.9355 6539.42111645173
73.4476 54.9419 1999.92280360623
73.3657 55.0277 563.646657892149
73.3467 55.0276 1600.58286271896
73.326 55.0255 3248.35532922709
73.3274 55.0363 783.65509643069
73.3219 55.0489 463.219849429968
73.2989 55.0421 1413.139900151
73.2924 55.0281 483.712274684683
73.3206 55.0417 387.158299268514
73.3063 55.0347 678.476558997817
73.3103 55.0269 867.109977027848
73.3126 55.0188 956.132559706119
73.3293 55.0174 656.434545824655
73.3196 55.0123 387.737571292304
73.3212 55.0041 903.526262690849
73.3976 54.9741 4130.05892987914
73.3817 54.965 1726.75555945281
73.3945 54.9634 1396.67049741523
73.3807 54.9564 1063.11674725448
73.3708 54.9393 386.505422682894
73.3637 54.9247 799.799677252339
73.3672 54.9185 472.015861862111
73.3581 54.9029 476.653529670513
73.3714 54.9103 582.544846125364
73.3743 54.9 446.955470200581
73.3886 54.9097 1303.13635826449
73.3909 54.9192 928.361702950717
73.4032 54.9275 595.86226951777
73.4158 54.9343 1386.26086069855
73.4088 54.9427 1038.04179199188
73.4032 54.9474 2834.55766907693
73.3994 54.956 53.2286555446516
73.3858 54.9483 2081.3073336058
73.4193 54.9552 1312.26816749615
73.422 54.9493 1676.10783325403
73.4337 54.9545 3367.19916918753
73.4298 54.9635 2524.79865943237
73.4142 54.9638 570.354426702781
73.4616 54.9816 7813.6136594313
73.4562 54.9867 3461.08435482726
73.4429 54.9783 2757.33736191796
73.4301 54.9834 1455.13993415317
73.4466 54.9916 988.237127389809
73.455 55.008 2790.82598726357
73.4675 55.014 2914.10952738187
73.4571 54.9994 3452.34408351849
73.4727 55.0066 6131.22918036156
73.4279 54.9906 5406.50518338506
73.4398 54.9994 2202.56466064562
73.4109 54.9828 818.393407514915
73.4095 55.021 1833.85733262368
73.4208 55.0269 1111.11849390567
73.4335 55.0394 1596.91835090043
73.4168 55.0335 756.776998897716
73.4021 55.0273 1035.12065019715
73.4138 55.0424 1155.97550319809
73.4236 55.051 776.998912507808
73.4499 55.0608 2733.27617241041
73.4376 55.062 2371.08562389222
73.4105 55.0519 2712.16044302424
73.3928 55.0434 1216.83660429241
73.3794 55.0343 903.196017222925
73.3982 55.0358 697.357364676652
73.3812 55.0145 1777.67728898057
73.3971 55.0129 1768.22019818258
73.3752 55.0002 1425.66869425364
73.3626 54.9967 894.111564267642
73.3602 55.0051 1125.21630337977
73.3688 55.0176 1199.21005709693
73.3564 55.0133 1438.52843948427
73.3509 55.0181 1160.25680806611
73.3408 55.0127 794.567224954469
73.3445 55.0058 1111.00349078939
73.3468 54.9972 1879.61838338339
73.3502 54.9899 1087.62342995298
73.3701 54.9892 1048.91888426285
